[String]
VarName="VarValue"
[Integer]
i32=0
ui32=0
i64=0
ui64=0
[Real]
floating=0.000000
dblsize=0.00000000000000
